2 0.7200000000000001 0.7866666666666667 0.09333333333333334 0.29333333333333333
2 0.6366666666666667 0.78 0.1 0.29333333333333333
2 0.5433333333333333 0.7866666666666667 0.1 0.3066666666666667
2 0.4633333333333334 0.7833333333333334 0.1 0.34
2 0.37000000000000005 0.77 0.1 0.34
2 0.29000000000000004 0.77 0.08666666666666667 0.34
2 0.52 0.5900000000000001 0.06666666666666667 0.04666666666666667
2 0.6333333333333334 0.5766666666666667 0.05333333333333334 0.11333333333333334
2 0.6933333333333334 0.6033333333333334 0.08 0.1
2 0.5700000000000001 0.5633333333333334 0.060000000000000005 0.11333333333333334
