2 0.7666666666666667 0.8266666666666668 0.45333333333333337 0.32
2 0.42333333333333334 0.7933333333333333 0.38 0.3466666666666667
2 0.060000000000000005 0.8066666666666668 0.08 0.29333333333333333
2 0.08666666666666667 0.6533333333333333 0.14666666666666667 0.3066666666666667
2 0.26666666666666666 0.6533333333333333 0.21333333333333335 0.3466666666666667
2 0.53 0.68 0.32666666666666666 0.33333333333333337
2 0.8166666666666668 0.6133333333333334 0.24666666666666667 0.3866666666666667
2 0.5800000000000001 0.49000000000000005 0.22666666666666668 0.26
2 0.35000000000000003 0.42000000000000004 0.22 0.17333333333333334
2 0.68 0.33 0.17333333333333334 0.15333333333333335
2 0.88 0.37333333333333335 0.21333333333333335 0.2
2 0.47000000000000003 0.3166666666666667 0.23333333333333334 0.18000000000000002
