2 0.6933333333333334 0.8200000000000001 0.17333333333333334 0.25333333333333335
2 0.48000000000000004 0.8266666666666668 0.22666666666666668 0.25333333333333335
2 0.8766666666666667 0.7766666666666667 0.2066666666666667 0.30000000000000004
2 0.24666666666666667 0.6966666666666667 0.21333333333333335 0.2733333333333334
2 0.11 0.7400000000000001 0.16666666666666669 0.24000000000000002
2 0.49333333333333335 0.6233333333333334 0.22666666666666668 0.18000000000000002
2 0.6833333333333333 0.61 0.15333333333333335 0.2066666666666667
2 0.8733333333333334 0.5233333333333333 0.2 0.15333333333333335
2 0.6566666666666667 0.4466666666666667 0.2066666666666667 0.16
2 0.4633333333333334 0.45 0.16666666666666669 0.14
2 0.25333333333333335 0.5 0.2 0.14666666666666667
2 0.10333333333333335 0.5433333333333333 0.14 0.2066666666666667
2 0.26 0.35000000000000003 0.17333333333333334 0.12666666666666668
2 0.47000000000000003 0.2966666666666667 0.18000000000000002 0.12666666666666668
2 0.6733333333333333 0.2966666666666667 0.17333333333333334 0.15333333333333335
2 0.88 0.33666666666666667 0.17333333333333334 0.16666666666666669
