2 0.7300000000000001 0.8633333333333334 0.18000000000000002 0.18000000000000002
2 0.4566666666666667 0.9133333333333334 0.24666666666666667 0.16
2 0.22333333333333336 0.9066666666666667 0.22 0.16
2 0.8833333333333334 0.7733333333333334 0.16666666666666669 0.33333333333333337
2 0.7200000000000001 0.6966666666666667 0.2 0.19333333333333336
2 0.56 0.7266666666666667 0.16 0.18666666666666668
2 0.4033333333333334 0.7333333333333334 0.16666666666666669 0.17333333333333334
2 0.25333333333333335 0.7333333333333334 0.21333333333333335 0.2
2 0.08666666666666667 0.7166666666666667 0.09333333333333334 0.16666666666666669
2 0.08 0.9066666666666667 0.08 0.21333333333333335
2 0.24666666666666667 0.55 0.21333333333333335 0.15333333333333335
2 0.4366666666666667 0.5433333333333333 0.14 0.19333333333333336
2 0.6133333333333334 0.5666666666666667 0.2 0.22666666666666668
