2 0.29333333333333333 0.7633333333333334 0.5333333333333333 0.4733333333333334
2 0.33666666666666667 0.5966666666666667 0.4866666666666667 0.43333333333333335
2 0.4466666666666667 0.4766666666666667 0.4 0.4066666666666667
2 0.6466666666666667 0.36000000000000004 0.33333333333333337 0.3866666666666667
2 0.8233333333333334 0.7366666666666667 0.35333333333333333 0.5133333333333334
2 0.07 0.43000000000000005 0.1 0.5266666666666667
2 0.25 0.3566666666666667 0.30000000000000004 0.4466666666666667
2 0.4966666666666667 0.21000000000000002 0.19333333333333336 0.3666666666666667
2 0.6666666666666667 0.1 0.14666666666666667 0.14666666666666667
2 0.7333333333333334 0.30333333333333334 0.25333333333333335 0.23333333333333334
2 0.8500000000000001 0.1366666666666667 0.2733333333333334 0.26
