2 0.5700000000000001 0.6633333333333333 0.5 0.5133333333333334
2 0.8666666666666667 0.6433333333333334 0.24000000000000002 0.5133333333333334
2 0.25 0.6166666666666667 0.35333333333333333 0.4866666666666667
2 0.22333333333333336 0.4033333333333334 0.3666666666666667 0.39333333333333337
2 0.5566666666666668 0.4366666666666667 0.31333333333333335 0.32666666666666666
2 0.8400000000000001 0.3766666666666667 0.24000000000000002 0.24666666666666667
2 0.2066666666666667 0.16 0.10666666666666667 0.09333333333333334
2 0.30000000000000004 0.18000000000000002 0.12000000000000001 0.13333333333333333
2 0.48333333333333334 0.24333333333333335 0.15333333333333335 0.16666666666666669
2 0.63 0.21333333333333335 0.14 0.13333333333333333
2 0.7733333333333334 0.19666666666666668 0.13333333333333333 0.12666666666666668
