2 0.7066666666666667 0.7966666666666667 0.25333333333333335 0.38
2 0.5266666666666667 0.8066666666666668 0.22666666666666668 0.33333333333333337
2 0.29333333333333333 0.8433333333333334 0.29333333333333333 0.31333333333333335
2 0.07666666666666667 0.8433333333333334 0.11333333333333334 0.31333333333333335
2 0.9633333333333334 0.8266666666666668 0.07333333333333333 0.3066666666666667
2 0.6533333333333333 0.66 0.18666666666666668 0.3066666666666667
2 0.5233333333333333 0.6900000000000001 0.16666666666666669 0.31333333333333335
2 0.37333333333333335 0.6766666666666667 0.21333333333333335 0.34
2 0.21666666666666667 0.7233333333333334 0.23333333333333334 0.34
2 0.10333333333333335 0.67 0.18000000000000002 0.39333333333333337
2 0.9233333333333333 0.6433333333333334 0.14 0.31333333333333335
