2 0.9566666666666668 0.7233333333333334 0.08666666666666667 0.2733333333333334
2 0.8666666666666667 0.7300000000000001 0.14666666666666667 0.24666666666666667
2 0.7433333333333334 0.7166666666666667 0.16666666666666669 0.2733333333333334
2 0.61 0.7033333333333334 0.16666666666666669 0.2733333333333334
2 0.4966666666666667 0.7166666666666667 0.15333333333333335 0.26
2 0.37333333333333335 0.7466666666666667 0.14666666666666667 0.22666666666666668
2 0.24333333333333335 0.75 0.14 0.24666666666666667
2 0.10333333333333335 0.7000000000000001 0.12666666666666668 0.32
2 0.24666666666666667 0.5866666666666667 0.12000000000000001 0.12000000000000001
2 0.36333333333333334 0.5900000000000001 0.07333333333333333 0.08666666666666667
2 0.47000000000000003 0.54 0.11333333333333334 0.08
2 0.7300000000000001 0.5133333333333334 0.1 0.12000000000000001
