2 0.2866666666666667 0.45333333333333337 0.4133333333333334 0.8533333333333334
2 0.68 0.92 0.14666666666666667 0.14666666666666667
2 0.7133333333333334 0.7666666666666667 0.08 0.13333333333333333
2 0.6166666666666667 0.79 0.060000000000000005 0.08666666666666667
2 0.6000000000000001 0.6833333333333333 0.06666666666666667 0.08666666666666667
2 0.5433333333333333 0.6166666666666667 0.07333333333333333 0.1
2 0.36333333333333334 0.9466666666666668 0.08666666666666667 0.10666666666666667
2 0.4666666666666667 0.9500000000000001 0.09333333333333334 0.11333333333333334
2 0.8 0.9400000000000001 0.12000000000000001 0.10666666666666667
2 0.8400000000000001 0.8166666666666668 0.08 0.15333333333333335
2 0.7666666666666667 0.8266666666666668 0.08 0.12000000000000001
2 0.92 0.89 0.08 0.12666666666666668
2 0.9733333333333334 0.7300000000000001 0.05333333333333334 0.18000000000000002
2 0.9133333333333334 0.6666666666666667 0.08 0.25333333333333335
2 0.8733333333333334 0.64 0.08 0.21333333333333335
2 0.8166666666666668 0.61 0.08666666666666667 0.23333333333333334
2 0.77 0.5933333333333334 0.07333333333333333 0.24000000000000002
2 0.7166666666666667 0.5700000000000001 0.04666666666666667 0.19333333333333336
2 0.6733333333333333 0.5433333333333333 0.05333333333333334 0.2066666666666667
2 0.63 0.52 0.060000000000000005 0.22666666666666668
2 0.5700000000000001 0.5066666666666667 0.04666666666666667 0.16
2 0.9166666666666667 0.52 0.060000000000000005 0.14666666666666667
2 0.9700000000000001 0.53 0.04666666666666667 0.16666666666666669
2 0.9766666666666667 0.4566666666666667 0.04666666666666667 0.1
2 0.7966666666666667 0.42333333333333334 0.04666666666666667 0.1
2 0.7200000000000001 0.4033333333333334 0.02666666666666667 0.060000000000000005
2 0.5166666666666667 0.7566666666666667 0.07333333333333333 0.11333333333333334
2 0.53 0.8700000000000001 0.060000000000000005 0.12666666666666668
