2 0.9233333333333333 0.24666666666666667 0.15333333333333335 0.33333333333333337
2 0.8 0.12666666666666668 0.13333333333333333 0.24000000000000002
2 0.8666666666666667 0.8200000000000001 0.2 0.36000000000000004
2 0.6133333333333334 0.8500000000000001 0.2 0.2866666666666667
2 0.4033333333333334 0.8333333333333334 0.19333333333333336 0.33333333333333337
2 0.12333333333333334 0.8700000000000001 0.16666666666666669 0.2866666666666667
2 0.26666666666666666 0.7100000000000001 0.22666666666666668 0.38
2 0.5566666666666668 0.6566666666666667 0.23333333333333334 0.35333333333333333
2 0.7466666666666667 0.52 0.17333333333333334 0.4666666666666667
2 0.9066666666666667 0.5433333333333333 0.14666666666666667 0.31333333333333335
2 0.6533333333333333 0.34 0.13333333333333333 0.45333333333333337
2 0.5333333333333333 0.33 0.16 0.34
2 0.39 0.43000000000000005 0.12666666666666668 0.35333333333333333
2 0.24333333333333335 0.3866666666666667 0.15333333333333335 0.3866666666666667
2 0.10333333333333335 0.3766666666666667 0.12666666666666668 0.31333333333333335
2 0.09666666666666668 0.6033333333333334 0.12666666666666668 0.30000000000000004
2 0.12333333333333334 0.17666666666666667 0.14 0.32666666666666666
2 0.27 0.19666666666666668 0.14 0.30000000000000004
2 0.39333333333333337 0.13333333333333333 0.10666666666666667 0.24000000000000002
2 0.5033333333333334 0.07666666666666667 0.07333333333333333 0.1
