2 0.8133333333333334 0.92 0.14666666666666667 0.16
2 0.9333333333333333 0.8700000000000001 0.12000000000000001 0.18000000000000002
2 0.78 0.8 0.08 0.09333333333333334
2 0.8533333333333334 0.79 0.06666666666666667 0.1
2 0.6966666666666667 0.8533333333333334 0.07333333333333333 0.22666666666666668
2 0.61 0.9166666666666667 0.1 0.16666666666666669
2 0.5066666666666667 0.9433333333333334 0.10666666666666667 0.1
2 0.46 0.8200000000000001 0.09333333333333334 0.17333333333333334
2 0.5366666666666667 0.8066666666666668 0.08666666666666667 0.14666666666666667
2 0.6133333333333334 0.7533333333333334 0.08 0.18666666666666668
2 0.5700000000000001 0.6333333333333334 0.060000000000000005 0.13333333333333333
2 0.5 0.6533333333333333 0.08 0.16
2 0.49000000000000005 0.55 0.08666666666666667 0.15333333333333335
2 0.42333333333333334 0.5933333333333334 0.07333333333333333 0.18666666666666668
2 0.34 0.6333333333333334 0.10666666666666667 0.17333333333333334
2 0.33666666666666667 0.7966666666666667 0.11333333333333334 0.16666666666666669
2 0.32666666666666666 0.9333333333333333 0.09333333333333334 0.12000000000000001
2 0.22 0.9133333333333334 0.10666666666666667 0.14666666666666667
2 0.14666666666666667 0.8366666666666667 0.08 0.15333333333333335
2 0.11666666666666667 0.9433333333333334 0.060000000000000005 0.1
2 0.060000000000000005 0.8966666666666667 0.06666666666666667 0.15333333333333335
2 0.22333333333333336 0.7400000000000001 0.08666666666666667 0.18666666666666668
2 0.6900000000000001 0.6666666666666667 0.07333333333333333 0.10666666666666667
2 0.8466666666666667 0.68 0.06666666666666667 0.10666666666666667
2 0.9266666666666667 0.7233333333333334 0.09333333333333334 0.1
2 0.7166666666666667 0.5333333333333333 0.04666666666666667 0.14666666666666667
2 0.8 0.5700000000000001 0.09333333333333334 0.1
2 0.8 0.46 0.06666666666666667 0.06666666666666667
2 0.8733333333333334 0.51 0.04 0.12666666666666668
2 0.9233333333333333 0.4866666666666667 0.04666666666666667 0.08
2 0.9666666666666667 0.4566666666666667 0.04 0.11333333333333334
2 0.9700000000000001 0.64 0.04666666666666667 0.12000000000000001
2 0.9166666666666667 0.5800000000000001 0.07333333333333333 0.13333333333333333
2 0.6733333333333333 0.5233333333333333 0.09333333333333334 0.11333333333333334
2 0.060000000000000005 0.7400000000000001 0.08 0.12000000000000001
2 0.05333333333333334 0.6333333333333334 0.06666666666666667 0.09333333333333334
2 0.13333333333333333 0.6266666666666667 0.09333333333333334 0.13333333333333333
2 0.22333333333333336 0.5800000000000001 0.1 0.12000000000000001
2 0.8033333333333333 0.35000000000000003 0.04666666666666667 0.11333333333333334
2 0.8833333333333334 0.36000000000000004 0.060000000000000005 0.17333333333333334
2 0.9366666666666668 0.32 0.04666666666666667 0.10666666666666667
2 0.9833333333333334 0.3066666666666667 0.03333333333333333 0.14666666666666667
2 0.7300000000000001 0.38 0.060000000000000005 0.09333333333333334
2 0.55 0.41000000000000003 0.060000000000000005 0.11333333333333334
