2 0.07666666666666667 0.8833333333333334 0.14 0.24666666666666667
2 0.2 0.89 0.09333333333333334 0.2066666666666667
2 0.30000000000000004 0.9 0.12000000000000001 0.18666666666666668
2 0.6833333333333333 0.8966666666666667 0.19333333333333336 0.19333333333333336
2 0.9700000000000001 0.9366666666666668 0.07333333333333333 0.12666666666666668
2 0.92 0.8733333333333334 0.10666666666666667 0.24000000000000002
2 0.8766666666666667 0.8033333333333333 0.12666666666666668 0.24666666666666667
2 0.66 0.81 0.09333333333333334 0.2066666666666667
2 0.5700000000000001 0.7933333333333333 0.08666666666666667 0.18666666666666668
2 0.48000000000000004 0.7966666666666667 0.09333333333333334 0.23333333333333334
2 0.3066666666666667 0.8 0.10666666666666667 0.2
2 0.21333333333333335 0.8066666666666668 0.10666666666666667 0.24000000000000002
2 0.12333333333333334 0.7366666666666667 0.11333333333333334 0.2066666666666667
2 0.3166666666666667 0.6900000000000001 0.1 0.19333333333333336
2 0.6366666666666667 0.6966666666666667 0.1 0.2066666666666667
2 0.5466666666666667 0.6833333333333333 0.08 0.23333333333333334
2 0.43000000000000005 0.6333333333333334 0.1 0.14666666666666667
2 0.4166666666666667 0.7366666666666667 0.1 0.2066666666666667
2 0.39333333333333337 0.88 0.06666666666666667 0.2
2 0.49333333333333335 0.9266666666666667 0.12000000000000001 0.13333333333333333
2 0.12000000000000001 0.4633333333333334 0.06666666666666667 0.14
2 0.04666666666666667 0.51 0.05333333333333334 0.14
2 0.22 0.5566666666666668 0.10666666666666667 0.16666666666666669
2 0.33666666666666667 0.5266666666666667 0.08666666666666667 0.13333333333333333
2 0.62 0.5333333333333333 0.05333333333333334 0.13333333333333333
2 0.8033333333333333 0.68 0.07333333333333333 0.13333333333333333
2 0.7766666666666667 0.6033333333333334 0.07333333333333333 0.15333333333333335
2 0.7466666666666667 0.51 0.06666666666666667 0.14
2 0.7100000000000001 0.45333333333333337 0.060000000000000005 0.14666666666666667
2 0.9 0.67 0.08 0.15333333333333335
2 0.9800000000000001 0.6766666666666667 0.05333333333333334 0.12666666666666668
2 0.28 0.44 0.05333333333333334 0.10666666666666667
2 0.17 0.3866666666666667 0.060000000000000005 0.10666666666666667
2 0.04666666666666667 0.39 0.04 0.1
2 0.5533333333333333 0.53 0.08 0.1
2 0.4633333333333334 0.51 0.11333333333333334 0.08666666666666667
2 0.6000000000000001 0.4366666666666667 0.06666666666666667 0.07333333333333333
2 0.53 0.4366666666666667 0.060000000000000005 0.07333333333333333
2 0.45 0.43000000000000005 0.07333333333333333 0.07333333333333333
2 0.36000000000000004 0.4166666666666667 0.08 0.07333333333333333
2 0.8566666666666667 0.54 0.060000000000000005 0.08
2 0.92 0.54 0.05333333333333334 0.08
2 0.9666666666666667 0.54 0.04 0.10666666666666667
