2 0.5666666666666667 0.7366666666666667 0.2 0.4866666666666667
2 0.4033333333333334 0.75 0.16666666666666669 0.46
2 0.23 0.7366666666666667 0.22 0.5133333333333334
2 0.04666666666666667 0.7433333333333334 0.08 0.4733333333333334
2 0.7333333333333334 0.7533333333333334 0.18666666666666668 0.48000000000000004
2 0.91 0.75 0.16666666666666669 0.4733333333333334
2 0.39 0.56 0.19333333333333336 0.4133333333333334
2 0.5633333333333334 0.51 0.18000000000000002 0.35333333333333333
2 0.7233333333333334 0.53 0.15333333333333335 0.38
2 0.8400000000000001 0.5766666666666667 0.13333333333333333 0.3666666666666667
2 0.25 0.4766666666666667 0.14 0.34
2 0.30333333333333334 0.23333333333333334 0.14 0.33333333333333337
2 0.46 0.28 0.16 0.3866666666666667
2 0.89 0.21666666666666667 0.16666666666666669 0.31333333333333335
2 0.7000000000000001 0.26 0.16 0.32
