2 0.8600000000000001 0.89 0.18666666666666668 0.22
2 0.6166666666666667 0.89 0.24666666666666667 0.2066666666666667
2 0.38 0.8766666666666667 0.26666666666666666 0.23333333333333334
2 0.13 0.8833333333333334 0.22 0.22
2 0.8333333333333334 0.7366666666666667 0.2 0.22
2 0.9466666666666668 0.75 0.10666666666666667 0.2866666666666667
2 0.6766666666666667 0.7100000000000001 0.12666666666666668 0.23333333333333334
2 0.54 0.7000000000000001 0.14666666666666667 0.21333333333333335
2 0.37000000000000005 0.6933333333333334 0.19333333333333336 0.2
2 0.22 0.7066666666666667 0.2 0.17333333333333334
2 0.08 0.7000000000000001 0.10666666666666667 0.18666666666666668
2 0.08 0.4666666666666667 0.10666666666666667 0.18666666666666668
2 0.2 0.4633333333333334 0.16 0.22
2 0.33333333333333337 0.4566666666666667 0.12000000000000001 0.22
2 0.4366666666666667 0.43333333333333335 0.11333333333333334 0.2
2 0.54 0.39333333333333337 0.09333333333333334 0.18666666666666668
2 0.6366666666666667 0.39666666666666667 0.1 0.16666666666666669
2 0.7233333333333334 0.3433333333333334 0.1 0.16666666666666669
2 0.8233333333333334 0.3166666666666667 0.11333333333333334 0.18000000000000002
2 0.9266666666666667 0.2833333333333333 0.09333333333333334 0.16666666666666669
2 0.9366666666666668 0.5166666666666667 0.1 0.15333333333333335
2 0.81 0.53 0.1 0.15333333333333335
