2 0.3433333333333334 0.7666666666666667 0.31333333333333335 0.45333333333333337
2 0.5833333333333334 0.7566666666666667 0.31333333333333335 0.4866666666666667
2 0.77 0.7366666666666667 0.24666666666666667 0.5
2 0.8466666666666667 0.6733333333333333 0.3066666666666667 0.4666666666666667
2 0.28 0.5666666666666667 0.26666666666666666 0.4
2 0.47000000000000003 0.4666666666666667 0.2066666666666667 0.3466666666666667
2 0.6766666666666667 0.43000000000000005 0.18000000000000002 0.35333333333333333
2 0.89 0.45 0.19333333333333336 0.38
2 0.23 0.29333333333333333 0.14 0.25333333333333335
2 0.3766666666666667 0.2833333333333333 0.16666666666666669 0.2733333333333334
