2 0.19333333333333336 0.7366666666666667 0.37333333333333335 0.4066666666666667
2 0.52 0.7733333333333334 0.4266666666666667 0.37333333333333335
2 0.6133333333333334 0.7200000000000001 0.24000000000000002 0.3866666666666667
2 0.8833333333333334 0.6766666666666667 0.22 0.39333333333333337
2 0.4466666666666667 0.6033333333333334 0.18666666666666668 0.2866666666666667
2 0.17333333333333334 0.49000000000000005 0.18666666666666668 0.14
2 0.32333333333333336 0.4766666666666667 0.12666666666666668 0.16666666666666669
2 0.7200000000000001 0.5 0.25333333333333335 0.18666666666666668
2 0.48000000000000004 0.43333333333333335 0.18666666666666668 0.10666666666666667
2 0.24666666666666667 0.4 0.22666666666666668 0.12000000000000001
