2 0.5733333333333334 0.93 0.06666666666666667 0.12666666666666668
2 0.6133333333333334 0.9266666666666667 0.06666666666666667 0.13333333333333333
2 0.6733333333333333 0.9333333333333333 0.06666666666666667 0.14666666666666667
2 0.7533333333333334 0.9433333333333334 0.06666666666666667 0.12666666666666668
2 0.7866666666666667 0.9166666666666667 0.05333333333333334 0.11333333333333334
2 0.45333333333333337 0.8966666666666667 0.06666666666666667 0.14
2 0.39333333333333337 0.8700000000000001 0.05333333333333334 0.15333333333333335
2 0.33333333333333337 0.8400000000000001 0.06666666666666667 0.16
2 0.24000000000000002 0.8 0.05333333333333334 0.13333333333333333
2 0.20333333333333334 0.8033333333333333 0.060000000000000005 0.15333333333333335
2 0.14333333333333334 0.7733333333333334 0.04666666666666667 0.14666666666666667
2 0.08333333333333334 0.7433333333333334 0.07333333333333333 0.14
