2 0.7100000000000001 0.6366666666666667 0.16666666666666669 0.30000000000000004
2 0.5533333333333333 0.65 0.14666666666666667 0.2733333333333334
2 0.4133333333333334 0.6533333333333333 0.12000000000000001 0.28
2 0.2833333333333333 0.6333333333333334 0.16666666666666669 0.33333333333333337
2 0.7133333333333334 0.2566666666666667 0.04 0.12666666666666668
2 0.76 0.2566666666666667 0.05333333333333334 0.12666666666666668
2 0.8066666666666668 0.25 0.04 0.11333333333333334
2 0.56 0.4866666666666667 0.12000000000000001 0.09333333333333334
2 0.6766666666666667 0.5 0.14 0.09333333333333334
2 0.42333333333333334 0.49000000000000005 0.11333333333333334 0.1
2 0.32 0.4366666666666667 0.10666666666666667 0.07333333333333333
2 0.43333333333333335 0.41000000000000003 0.12000000000000001 0.07333333333333333
2 0.5433333333333333 0.4266666666666667 0.1 0.10666666666666667
2 0.6366666666666667 0.41000000000000003 0.1 0.060000000000000005
2 0.61 0.3433333333333334 0.07333333333333333 0.07333333333333333
2 0.5233333333333333 0.34 0.1 0.06666666666666667
2 0.42333333333333334 0.3433333333333334 0.060000000000000005 0.07333333333333333
2 0.32666666666666666 0.35333333333333333 0.09333333333333334 0.05333333333333334
2 0.36000000000000004 0.32666666666666666 0.08 0.06666666666666667
