2 0.13 0.7266666666666667 0.1 0.18666666666666668
2 0.24333333333333335 0.7266666666666667 0.11333333333333334 0.22666666666666668
2 0.3466666666666667 0.6966666666666667 0.09333333333333334 0.18000000000000002
2 0.45333333333333337 0.7366666666666667 0.10666666666666667 0.24666666666666667
2 0.5733333333333334 0.7400000000000001 0.13333333333333333 0.25333333333333335
2 0.7400000000000001 0.7400000000000001 0.14666666666666667 0.25333333333333335
2 0.8533333333333334 0.7433333333333334 0.14666666666666667 0.26
2 0.9566666666666668 0.7266666666666667 0.07333333333333333 0.24000000000000002
2 0.8566666666666667 0.5733333333333334 0.08666666666666667 0.2
2 0.9533333333333334 0.5733333333333334 0.09333333333333334 0.2
2 0.6233333333333334 0.61 0.11333333333333334 0.2066666666666667
2 0.5733333333333334 0.5666666666666667 0.14666666666666667 0.21333333333333335
2 0.5 0.6000000000000001 0.14666666666666667 0.22666666666666668
2 0.33 0.61 0.1 0.19333333333333336
2 0.19666666666666668 0.5933333333333334 0.15333333333333335 0.18666666666666668
2 0.08 0.5266666666666667 0.06666666666666667 0.17333333333333334
2 0.05333333333333334 0.5833333333333334 0.04 0.2066666666666667
2 0.13 0.4366666666666667 0.060000000000000005 0.18000000000000002
2 0.18666666666666668 0.4266666666666667 0.06666666666666667 0.18666666666666668
2 0.27666666666666667 0.5033333333333334 0.1 0.19333333333333336
2 0.37000000000000005 0.4666666666666667 0.11333333333333334 0.14666666666666667
2 0.4666666666666667 0.48000000000000004 0.08 0.17333333333333334
2 0.56 0.4766666666666667 0.10666666666666667 0.19333333333333336
2 0.7166666666666667 0.5966666666666667 0.07333333333333333 0.2866666666666667
2 0.8033333333333333 0.6633333333333333 0.14 0.2866666666666667
2 0.79 0.5333333333333333 0.08666666666666667 0.22666666666666668
2 0.9 0.48333333333333334 0.09333333333333334 0.18000000000000002
2 0.9666666666666667 0.43000000000000005 0.06666666666666667 0.2066666666666667
2 0.67 0.41000000000000003 0.08666666666666667 0.22
2 0.7633333333333334 0.4033333333333334 0.07333333333333333 0.22
2 0.33333333333333337 0.3466666666666667 0.04 0.06666666666666667
2 0.37000000000000005 0.3566666666666667 0.03333333333333333 0.07333333333333333
2 0.41000000000000003 0.35333333333333333 0.03333333333333333 0.05333333333333334
2 0.4566666666666667 0.3566666666666667 0.04666666666666667 0.07333333333333333
2 0.49333333333333335 0.32666666666666666 0.02666666666666667 0.06666666666666667
