2 0.39666666666666667 0.9 0.22 0.2
2 0.15666666666666668 0.8833333333333334 0.26 0.23333333333333334
2 0.10666666666666667 0.66 0.16 0.21333333333333335
2 0.21333333333333335 0.6433333333333334 0.21333333333333335 0.26
2 0.5133333333333334 0.7133333333333334 0.18666666666666668 0.26666666666666666
2 0.36333333333333334 0.7100000000000001 0.14 0.22
2 0.6833333333333333 0.7566666666666667 0.11333333333333334 0.16666666666666669
2 0.67 0.9066666666666667 0.15333333333333335 0.2
2 0.8700000000000001 0.8833333333333334 0.19333333333333336 0.22
2 0.8733333333333334 0.6533333333333333 0.14666666666666667 0.25333333333333335
2 0.9333333333333333 0.5766666666666667 0.10666666666666667 0.32666666666666666
2 0.77 0.6433333333333334 0.12666666666666668 0.2733333333333334
2 0.6166666666666667 0.54 0.14 0.28
2 0.22666666666666668 0.42333333333333334 0.10666666666666667 0.16666666666666669
2 0.4566666666666667 0.5 0.12666666666666668 0.18666666666666668
2 0.7266666666666667 0.38 0.13333333333333333 0.25333333333333335
2 0.8500000000000001 0.4 0.11333333333333334 0.28
