2 0.54 0.79 0.5866666666666667 0.42000000000000004
2 0.8733333333333334 0.7266666666666667 0.25333333333333335 0.4666666666666667
2 0.28 0.7466666666666667 0.3866666666666667 0.44
2 0.45 0.5966666666666667 0.38 0.38
2 0.21333333333333335 0.39666666666666667 0.3466666666666667 0.30000000000000004
2 0.21000000000000002 0.21333333333333335 0.30000000000000004 0.26666666666666666
2 0.37000000000000005 0.2366666666666667 0.24666666666666667 0.2733333333333334
2 0.5533333333333333 0.38 0.32 0.28
2 0.8233333333333334 0.4133333333333334 0.32666666666666666 0.32
2 0.6966666666666667 0.29000000000000004 0.30000000000000004 0.30000000000000004
2 0.6033333333333334 0.19666666666666668 0.35333333333333333 0.30000000000000004
