2 0.7333333333333334 0.8366666666666667 0.52 0.34
2 0.8 0.6433333333333334 0.4 0.2733333333333334
2 0.14666666666666667 0.8733333333333334 0.26666666666666666 0.25333333333333335
2 0.21333333333333335 0.6333333333333334 0.4 0.4666666666666667
2 0.4133333333333334 0.52 0.32 0.3066666666666667
2 0.5033333333333334 0.41000000000000003 0.31333333333333335 0.32666666666666666
2 0.8700000000000001 0.4566666666666667 0.22 0.2066666666666667
2 0.8300000000000001 0.37333333333333335 0.18000000000000002 0.18666666666666668
2 0.9066666666666667 0.3066666666666667 0.17333333333333334 0.21333333333333335
2 0.14666666666666667 0.35333333333333333 0.22666666666666668 0.21333333333333335
2 0.26333333333333336 0.27666666666666667 0.23333333333333334 0.24666666666666667
2 0.6566666666666667 0.14666666666666667 0.26 0.2
2 0.5900000000000001 0.30000000000000004 0.24666666666666667 0.28
