2 0.7233333333333334 0.8 0.24666666666666667 0.4
2 0.7966666666666667 0.6266666666666667 0.30000000000000004 0.5333333333333333
2 0.2066666666666667 0.7666666666666667 0.37333333333333335 0.45333333333333337
2 0.49000000000000005 0.5700000000000001 0.3666666666666667 0.5266666666666667
2 0.1366666666666667 0.4866666666666667 0.2066666666666667 0.3866666666666667
2 0.8200000000000001 0.31333333333333335 0.22666666666666668 0.25333333333333335
2 0.9600000000000001 0.34 0.08 0.3066666666666667
2 0.5633333333333334 0.33333333333333337 0.19333333333333336 0.24000000000000002
2 0.7066666666666667 0.32 0.14666666666666667 0.3066666666666667
2 0.22666666666666668 0.30000000000000004 0.2 0.3466666666666667
2 0.35333333333333333 0.25333333333333335 0.13333333333333333 0.3066666666666667
2 0.08666666666666667 0.24000000000000002 0.10666666666666667 0.24000000000000002
2 0.45 0.16666666666666669 0.11333333333333334 0.28
2 0.55 0.14666666666666667 0.11333333333333334 0.24000000000000002
2 0.6566666666666667 0.11666666666666667 0.11333333333333334 0.16666666666666669
