2 0.9133333333333334 0.79 0.16 0.2866666666666667
2 0.6133333333333334 0.7666666666666667 0.2 0.29333333333333333
2 0.3766666666666667 0.7466666666666667 0.14 0.3066666666666667
2 0.4566666666666667 0.7666666666666667 0.14 0.21333333333333335
2 0.17333333333333334 0.7633333333333334 0.2 0.34
2 0.11666666666666667 0.6233333333333334 0.14 0.2733333333333334
2 0.2833333333333333 0.6333333333333334 0.18000000000000002 0.32
2 0.5166666666666667 0.6833333333333333 0.15333333333333335 0.2866666666666667
2 0.7033333333333334 0.6633333333333333 0.16666666666666669 0.32666666666666666
2 0.8400000000000001 0.7066666666666667 0.10666666666666667 0.4
2 0.91 0.6666666666666667 0.12666666666666668 0.29333333333333333
2 0.6266666666666667 0.5466666666666667 0.14666666666666667 0.26666666666666666
2 0.49333333333333335 0.5866666666666667 0.17333333333333334 0.3066666666666667
2 0.08 0.35000000000000003 0.12000000000000001 0.18000000000000002
2 0.20333333333333334 0.4566666666666667 0.12666666666666668 0.24666666666666667
2 0.32333333333333336 0.4766666666666667 0.11333333333333334 0.2733333333333334
2 0.4866666666666667 0.4566666666666667 0.14666666666666667 0.24666666666666667
2 0.7566666666666667 0.5133333333333334 0.12666666666666668 0.21333333333333335
2 0.8600000000000001 0.48333333333333334 0.16 0.23333333333333334
2 0.92 0.5033333333333334 0.10666666666666667 0.22
2 0.61 0.36000000000000004 0.08666666666666667 0.18666666666666668
2 0.46 0.24333333333333335 0.05333333333333334 0.060000000000000005
2 0.51 0.30000000000000004 0.04666666666666667 0.06666666666666667
2 0.36333333333333334 0.3066666666666667 0.03333333333333333 0.05333333333333334
2 0.33333333333333337 0.24333333333333335 0.04 0.07333333333333333
