2 0.9333333333333333 0.7366666666666667 0.12000000000000001 0.3666666666666667
2 0.7966666666666667 0.67 0.18000000000000002 0.3666666666666667
2 0.63 0.6533333333333333 0.18000000000000002 0.4266666666666667
2 0.46 0.5900000000000001 0.13333333333333333 0.34
2 0.33666666666666667 0.5366666666666667 0.11333333333333334 0.22
2 0.23 0.49333333333333335 0.1 0.22666666666666668
2 0.12666666666666668 0.4966666666666667 0.08 0.2066666666666667
2 0.05 0.46 0.060000000000000005 0.16
2 0.9500000000000001 0.48333333333333334 0.07333333333333333 0.19333333333333336
2 0.8266666666666668 0.4466666666666667 0.10666666666666667 0.2
2 0.7233333333333334 0.43333333333333335 0.07333333333333333 0.17333333333333334
