2 0.5 0.9 0.36000000000000004 0.21333333333333335
2 0.30000000000000004 0.8400000000000001 0.28 0.3066666666666667
2 0.11666666666666667 0.9166666666666667 0.18000000000000002 0.16666666666666669
2 0.64 0.7833333333333334 0.24000000000000002 0.34
2 0.7400000000000001 0.5066666666666667 0.32 0.45333333333333337
2 0.81 0.26666666666666666 0.23333333333333334 0.29333333333333333
2 0.9466666666666668 0.2066666666666667 0.10666666666666667 0.32
2 0.12000000000000001 0.65 0.17333333333333334 0.35333333333333333
2 0.21666666666666667 0.45 0.2066666666666667 0.32666666666666666
2 0.33666666666666667 0.6133333333333334 0.22 0.22666666666666668
2 0.47000000000000003 0.44 0.26 0.22666666666666668
2 0.4366666666666667 0.21333333333333335 0.23333333333333334 0.18666666666666668
