2 0.31333333333333335 0.7000000000000001 0.36000000000000004 0.5066666666666667
2 0.7133333333333334 0.6766666666666667 0.3066666666666667 0.5133333333333334
2 0.9033333333333334 0.5233333333333333 0.16666666666666669 0.2866666666666667
2 0.11666666666666667 0.54 0.16666666666666669 0.24000000000000002
2 0.5066666666666667 0.49000000000000005 0.18666666666666668 0.30000000000000004
2 0.39 0.47000000000000003 0.15333333333333335 0.31333333333333335
2 0.92 0.3066666666666667 0.14666666666666667 0.28
2 0.8500000000000001 0.18333333333333335 0.14 0.23333333333333334
2 0.9500000000000001 0.19 0.1 0.26
2 0.7766666666666667 0.4166666666666667 0.12666666666666668 0.24666666666666667
2 0.6766666666666667 0.42000000000000004 0.15333333333333335 0.29333333333333333
2 0.16 0.3766666666666667 0.12000000000000001 0.23333333333333334
2 0.060000000000000005 0.3433333333333334 0.09333333333333334 0.19333333333333336
