2 0.7366666666666667 0.7833333333333334 0.11333333333333334 0.30000000000000004
2 0.6533333333333333 0.7666666666666667 0.10666666666666667 0.29333333333333333
2 0.5333333333333333 0.7533333333333334 0.12000000000000001 0.32
2 0.39666666666666667 0.7466666666666667 0.16666666666666669 0.36000000000000004
2 0.07 0.7433333333333334 0.08666666666666667 0.35333333333333333
2 0.18000000000000002 0.5700000000000001 0.08 0.22
2 0.9600000000000001 0.7466666666666667 0.05333333333333334 0.3066666666666667
2 0.8966666666666667 0.66 0.07333333333333333 0.26666666666666666
2 0.8200000000000001 0.6233333333333334 0.08 0.22
2 0.7233333333333334 0.6066666666666667 0.08666666666666667 0.24000000000000002
2 0.6333333333333334 0.5433333333333333 0.06666666666666667 0.19333333333333336
