2 0.51 0.9366666666666668 0.16666666666666669 0.12666666666666668
2 0.32666666666666666 0.9533333333333334 0.17333333333333334 0.12000000000000001
2 0.14 0.93 0.10666666666666667 0.14
2 0.9266666666666667 0.9333333333333333 0.14666666666666667 0.12000000000000001
2 0.7933333333333333 0.9033333333333334 0.09333333333333334 0.19333333333333336
2 0.93 0.79 0.08666666666666667 0.12666666666666668
2 0.8166666666666668 0.7366666666666667 0.1 0.12666666666666668
2 0.5466666666666667 0.8066666666666668 0.08 0.10666666666666667
2 0.36000000000000004 0.8233333333333334 0.09333333333333334 0.14
2 0.45 0.8066666666666668 0.08666666666666667 0.10666666666666667
2 0.24666666666666667 0.8166666666666668 0.09333333333333334 0.14
2 0.15000000000000002 0.7766666666666667 0.1 0.15333333333333335
