2 0.67 0.9366666666666668 0.22 0.12666666666666668
2 0.44333333333333336 0.9400000000000001 0.15333333333333335 0.10666666666666667
2 0.3066666666666667 0.92 0.14666666666666667 0.14666666666666667
2 0.12333333333333334 0.9400000000000001 0.18000000000000002 0.09333333333333334
2 0.15000000000000002 0.8133333333333334 0.16666666666666669 0.17333333333333334
2 0.2733333333333334 0.7666666666666667 0.18666666666666668 0.18666666666666668
2 0.44333333333333336 0.8133333333333334 0.19333333333333336 0.14666666666666667
2 0.5633333333333334 0.8166666666666668 0.11333333333333334 0.18000000000000002
2 0.7200000000000001 0.8133333333333334 0.18666666666666668 0.17333333333333334
2 0.48000000000000004 0.6666666666666667 0.12000000000000001 0.17333333333333334
2 0.8300000000000001 0.6233333333333334 0.11333333333333334 0.18000000000000002
2 0.7566666666666667 0.6666666666666667 0.16666666666666669 0.18666666666666668
2 0.6133333333333334 0.6366666666666667 0.13333333333333333 0.19333333333333336
2 0.9033333333333334 0.5033333333333334 0.11333333333333334 0.16666666666666669
2 0.05333333333333334 0.7866666666666667 0.06666666666666667 0.17333333333333334
2 0.04666666666666667 0.65 0.08 0.16666666666666669
2 0.12333333333333334 0.6466666666666667 0.12666666666666668 0.18666666666666668
2 0.24000000000000002 0.61 0.10666666666666667 0.16666666666666669
2 0.33333333333333337 0.6166666666666667 0.10666666666666667 0.18000000000000002
2 0.43000000000000005 0.49333333333333335 0.12666666666666668 0.17333333333333334
2 0.12666666666666668 0.4633333333333334 0.08 0.12666666666666668
2 0.04 0.47000000000000003 0.05333333333333334 0.11333333333333334
2 0.21666666666666667 0.43333333333333335 0.11333333333333334 0.13333333333333333
2 0.31333333333333335 0.44 0.10666666666666667 0.16
2 0.79 0.4866666666666667 0.08666666666666667 0.08
2 0.6933333333333334 0.48333333333333334 0.09333333333333334 0.1
2 0.5866666666666667 0.47000000000000003 0.09333333333333334 0.1
2 0.51 0.4766666666666667 0.060000000000000005 0.14
2 0.9400000000000001 0.3466666666666667 0.05333333333333334 0.10666666666666667
2 0.8400000000000001 0.3666666666666667 0.05333333333333334 0.10666666666666667
2 0.75 0.4 0.07333333333333333 0.06666666666666667
2 0.6166666666666667 0.34 0.07333333333333333 0.12000000000000001
2 0.7033333333333334 0.28 0.1 0.12000000000000001
