2 0.81 0.8866666666666667 0.32666666666666666 0.21333333333333335
2 0.49333333333333335 0.8766666666666667 0.3066666666666667 0.23333333333333334
2 0.18333333333333335 0.8866666666666667 0.31333333333333335 0.21333333333333335
2 0.11666666666666667 0.7466666666666667 0.16666666666666669 0.22666666666666668
2 0.32333333333333336 0.7533333333333334 0.2733333333333334 0.25333333333333335
2 0.6266666666666667 0.6000000000000001 0.26666666666666666 0.3066666666666667
2 0.8600000000000001 0.6566666666666667 0.25333333333333335 0.2866666666666667
2 0.37333333333333335 0.5700000000000001 0.25333333333333335 0.2733333333333334
2 0.16 0.5566666666666668 0.16 0.22
2 0.8366666666666667 0.45 0.24666666666666667 0.22
2 0.48000000000000004 0.4266666666666667 0.18666666666666668 0.3066666666666667
