0 0.5733333333333334 0.9266666666666667 0.26666666666666666 0.12000000000000001
0 0.2833333333333333 0.9600000000000001 0.1 0.08
0 0.09333333333333334 0.9366666666666668 0.13333333333333333 0.08666666666666667
0 0.10333333333333335 0.7833333333333334 0.14 0.19333333333333336
0 0.2866666666666667 0.8300000000000001 0.13333333333333333 0.16666666666666669
0 0.4566666666666667 0.8 0.15333333333333335 0.21333333333333335
0 0.6166666666666667 0.8166666666666668 0.14 0.2066666666666667
0 0.8133333333333334 0.78 0.16 0.21333333333333335
0 0.9233333333333333 0.8833333333333334 0.15333333333333335 0.18000000000000002
0 0.9566666666666668 0.7166666666666667 0.08666666666666667 0.22
0 0.9066666666666667 0.5166666666666667 0.13333333333333333 0.14
0 0.4866666666666667 0.6433333333333334 0.09333333333333334 0.11333333333333334
0 0.61 0.6466666666666667 0.1 0.12000000000000001
0 0.35000000000000003 0.5933333333333334 0.11333333333333334 0.12000000000000001
0 0.21000000000000002 0.5833333333333334 0.11333333333333334 0.12666666666666668
0 0.17 0.6466666666666667 0.08666666666666667 0.13333333333333333
0 0.3766666666666667 0.48000000000000004 0.1 0.08
0 0.5066666666666667 0.4966666666666667 0.08 0.12666666666666668
0 0.56 0.4866666666666667 0.02666666666666667 0.14666666666666667
0 0.6166666666666667 0.4866666666666667 0.1 0.13333333333333333
0 0.7100000000000001 0.4666666666666667 0.08666666666666667 0.14666666666666667
0 0.17333333333333334 0.44 0.08 0.09333333333333334
0 0.26333333333333336 0.4366666666666667 0.08666666666666667 0.08666666666666667
0 0.060000000000000005 0.5966666666666667 0.08 0.14
0 0.05333333333333334 0.4666666666666667 0.04 0.06666666666666667
0 0.06666666666666667 0.35000000000000003 0.04 0.07333333333333333
0 0.15000000000000002 0.2866666666666667 0.03333333333333333 0.10666666666666667
0 0.26333333333333336 0.30000000000000004 0.07333333333333333 0.04
0 0.32666666666666666 0.29333333333333333 0.04 0.02666666666666667
0 0.3666666666666667 0.2733333333333334 0.013333333333333334 0.06666666666666667
0 0.42333333333333334 0.2866666666666667 0.02 0.04
0 0.48333333333333334 0.27 0.060000000000000005 0.07333333333333333
0 0.53 0.32666666666666666 0.03333333333333333 0.06666666666666667
0 0.6133333333333334 0.33333333333333337 0.04 0.05333333333333334
0 0.68 0.31 0.04 0.04666666666666667
0 0.7333333333333334 0.33666666666666667 0.013333333333333334 0.060000000000000005
0 0.8066666666666668 0.34 0.04 0.04
0 0.8500000000000001 0.25 0.04666666666666667 0.03333333333333333
0 0.7766666666666667 0.26666666666666666 0.04666666666666667 0.06666666666666667
