2 0.5933333333333334 0.9766666666666667 0.06666666666666667 0.04666666666666667
2 0.6766666666666667 0.9800000000000001 0.1 0.04
2 0.76 0.9733333333333334 0.06666666666666667 0.04
2 0.8400000000000001 0.9600000000000001 0.08 0.04
2 0.5933333333333334 0.92 0.08 0.02666666666666667
2 0.6666666666666667 0.93 0.06666666666666667 0.04666666666666667
2 0.7300000000000001 0.9166666666666667 0.060000000000000005 0.02
2 0.8200000000000001 0.91 0.10666666666666667 0.03333333333333333
2 0.30000000000000004 0.9600000000000001 0.09333333333333334 0.08
2 0.2 0.9433333333333334 0.08 0.07333333333333333
2 0.11666666666666667 0.9466666666666668 0.060000000000000005 0.08
2 0.05666666666666667 0.93 0.060000000000000005 0.08666666666666667
2 0.17666666666666667 0.8600000000000001 0.1 0.08
2 0.09666666666666668 0.8533333333333334 0.07333333333333333 0.09333333333333334
2 0.04 0.8566666666666667 0.04 0.1
2 0.27 0.8333333333333334 0.08666666666666667 0.10666666666666667
2 0.3433333333333334 0.8466666666666667 0.08666666666666667 0.09333333333333334
2 0.5866666666666667 0.8566666666666667 0.06666666666666667 0.04666666666666667
2 0.66 0.8633333333333334 0.08 0.07333333333333333
2 0.7300000000000001 0.8766666666666667 0.060000000000000005 0.04666666666666667
2 0.8033333333333333 0.8533333333333334 0.08666666666666667 0.04
2 0.5966666666666667 0.7866666666666667 0.1 0.04
2 0.6733333333333333 0.7200000000000001 0.05333333333333334 0.06666666666666667
2 0.6666666666666667 0.7833333333333334 0.06666666666666667 0.060000000000000005
2 0.7300000000000001 0.79 0.060000000000000005 0.03333333333333333
2 0.79 0.7766666666666667 0.060000000000000005 0.03333333333333333
2 0.7833333333333334 0.7100000000000001 0.07333333333333333 0.04666666666666667
2 0.7100000000000001 0.7333333333333334 0.060000000000000005 0.05333333333333334
2 0.5766666666666667 0.7166666666666667 0.060000000000000005 0.04666666666666667
2 0.35000000000000003 0.75 0.060000000000000005 0.04666666666666667
2 0.27 0.7333333333333334 0.04666666666666667 0.05333333333333334
2 0.16333333333333333 0.7366666666666667 0.07333333333333333 0.03333333333333333
2 0.08666666666666667 0.7300000000000001 0.05333333333333334 0.04666666666666667
2 0.38333333333333336 0.6900000000000001 0.03333333333333333 0.04666666666666667
2 0.20333333333333334 0.68 0.07333333333333333 0.05333333333333334
2 0.2733333333333334 0.6666666666666667 0.04 0.06666666666666667
2 0.3166666666666667 0.6366666666666667 0.03333333333333333 0.04666666666666667
2 0.65 0.44333333333333336 0.12666666666666668 0.5
2 0.7200000000000001 0.4966666666666667 0.13333333333333333 0.32666666666666666
2 0.6633333333333333 0.39666666666666667 0.11333333333333334 0.2733333333333334
2 0.7200000000000001 0.5633333333333334 0.13333333333333333 0.22
2 0.77 0.5766666666666667 0.12666666666666668 0.08666666666666667
2 0.8700000000000001 0.6933333333333334 0.07333333333333333 0.2
2 0.36333333333333334 0.5833333333333334 0.04666666666666667 0.1
2 0.42000000000000004 0.6166666666666667 0.08 0.11333333333333334
2 0.27 0.55 0.07333333333333333 0.1
2 0.17666666666666667 0.5800000000000001 0.04666666666666667 0.10666666666666667
2 0.09000000000000001 0.6233333333333334 0.060000000000000005 0.07333333333333333
