2 0.8866666666666667 0.8133333333333334 0.25333333333333335 0.36000000000000004
2 0.9333333333333333 0.6133333333333334 0.14666666666666667 0.5066666666666667
2 0.7466666666666667 0.6966666666666667 0.22666666666666668 0.5666666666666667
2 0.55 0.7300000000000001 0.24666666666666667 0.5266666666666667
2 0.2833333333333333 0.6533333333333333 0.18000000000000002 0.6266666666666667
2 0.44 0.6733333333333333 0.21333333333333335 0.5866666666666667
2 0.18333333333333335 0.4866666666666667 0.1 0.4
2 0.12333333333333334 0.3566666666666667 0.15333333333333335 0.4066666666666667
2 0.68 0.45 0.17333333333333334 0.3666666666666667
2 0.5533333333333333 0.4166666666666667 0.16 0.35333333333333333
2 0.4133333333333334 0.3466666666666667 0.13333333333333333 0.33333333333333337
2 0.28 0.2966666666666667 0.12000000000000001 0.30000000000000004
