2 0.65 0.8066666666666668 0.26 0.3466666666666667
2 0.37000000000000005 0.9233333333333333 0.43333333333333335 0.16666666666666669
2 0.17666666666666667 0.7033333333333334 0.31333333333333335 0.43333333333333335
2 0.08666666666666667 0.3433333333333334 0.14666666666666667 0.32666666666666666
2 0.78 0.5333333333333333 0.32 0.4266666666666667
2 0.91 0.30000000000000004 0.18000000000000002 0.32
2 0.7433333333333334 0.22 0.26 0.25333333333333335
2 0.9266666666666667 0.08666666666666667 0.14666666666666667 0.13333333333333333
2 0.4033333333333334 0.4033333333333334 0.42000000000000004 0.4466666666666667
2 0.21333333333333335 0.09000000000000001 0.16 0.14
2 0.08333333333333334 0.09333333333333334 0.12666666666666668 0.16
2 0.3766666666666667 0.12000000000000001 0.18000000000000002 0.16
2 0.5433333333333333 0.10333333333333335 0.15333333333333335 0.15333333333333335
