2 0.8266666666666668 0.8566666666666667 0.33333333333333337 0.24666666666666667
2 0.4866666666666667 0.8700000000000001 0.32 0.23333333333333334
2 0.21333333333333335 0.9 0.32 0.2
2 0.21666666666666667 0.77 0.23333333333333334 0.11333333333333334
2 0.14333333333333334 0.6566666666666667 0.2066666666666667 0.12666666666666668
2 0.64 0.7033333333333334 0.32 0.11333333333333334
2 0.9066666666666667 0.62 0.2 0.13333333333333333
2 0.5733333333333334 0.52 0.24000000000000002 0.09333333333333334
2 0.44333333333333336 0.6166666666666667 0.24666666666666667 0.12666666666666668
2 0.36333333333333334 0.6833333333333333 0.24666666666666667 0.12666666666666668
