2 0.7466666666666667 0.9366666666666668 0.17333333333333334 0.14
2 0.8700000000000001 0.93 0.14 0.12666666666666668
2 0.9466666666666668 0.8500000000000001 0.12000000000000001 0.26
2 0.43333333333333335 0.9233333333333333 0.14666666666666667 0.14
2 0.35333333333333333 0.8533333333333334 0.16 0.22666666666666668
2 0.5066666666666667 0.8233333333333334 0.13333333333333333 0.22
2 0.6833333333333333 0.7933333333333333 0.12666666666666668 0.21333333333333335
2 0.7466666666666667 0.7066666666666667 0.12000000000000001 0.22666666666666668
2 0.23 0.7333333333333334 0.11333333333333334 0.26666666666666666
2 0.07 0.56 0.1 0.21333333333333335
2 0.13 0.5966666666666667 0.14 0.26
2 0.8700000000000001 0.5933333333333334 0.11333333333333334 0.24000000000000002
2 0.9600000000000001 0.55 0.08 0.2066666666666667
2 0.6533333333333333 0.5566666666666668 0.12000000000000001 0.19333333333333336
2 0.5266666666666667 0.6533333333333333 0.10666666666666667 0.2
2 0.33666666666666667 0.7333333333333334 0.14 0.24000000000000002
2 0.44 0.68 0.13333333333333333 0.22666666666666668
2 0.3166666666666667 0.5233333333333333 0.1 0.16666666666666669
2 0.22666666666666668 0.5933333333333334 0.06666666666666667 0.16
2 0.4066666666666667 0.5633333333333334 0.09333333333333334 0.16666666666666669
2 0.4866666666666667 0.5133333333333334 0.06666666666666667 0.17333333333333334
2 0.55 0.5333333333333333 0.11333333333333334 0.17333333333333334
2 0.7366666666666667 0.5333333333333333 0.12666666666666668 0.24000000000000002
